지점명	미세먼지농도	년도	월자
서울	57	14	1
부산	57	14	1
대구	60	14	1
인천	58	14	1
광주	52	14	1
대전	56	14	1
울산	55	14	1
서울	57	14	2
부산	45	14	2
대구	50	14	2
인천	58	14	2
광주	46	14	2
대전	51	14	2
울산	45	14	2
서울	60	14	3
부산	50	14	3
대구	50	14	3
인천	58	14	3
광주	49	14	3
대전	50	14	3
울산	49	14	3
서울	58	14	4
부산	53	14	4
대구	53	14	4
인천	59	14	4
광주	43	14	4
대전	45	14	4
울산	56	14	4
서울	63	14	5
부산	71	14	5
대구	60	14	5
인천	67	14	5
광주	64	14	5
대전	59	14	5
울산	67	14	5
서울	38	14	6
부산	54	14	6
대구	42	14	6
인천	43	14	6
광주	41	14	6
대전	39	14	6
울산	48	14	6
서울	38	14	7
부산	48	14	7
대구	38	14	7
인천	41	14	7
광주	29	14	7
대전	31	14	7
울산	45	14	7
서울	29	14	8
부산	36	14	8
대구	27	14	8
인천	34	14	8
광주	32	14	8
대전	23	14	8
울산	32	14	8
서울	29	14	9
부산	39	14	9
대구	33	14	9
인천	36	14	9
광주	31	14	9
대전	27	14	9
울산	35	14	9
서울	33	14	10
부산	39	14	10
대구	36	14	10
인천	40	14	10
광주	32	14	10
대전	29	14	10
울산	39	14	10
서울	45	14	11
부산	47	14	11
대구	49	14	11
인천	47	14	11
광주	37	14	11
대전	39	14	11
울산	46	14	11
서울	44	14	12
부산	42	14	12
대구	44	14	12
인천	45	14	12
광주	35	14	12
대전	43	14	12
울산	38	14	12
서울	49	15	1
부산	47	15	1
대구	54	15	1
인천	53	15	1
광주	43	15	1
대전	52	15	1
울산	46	15	1
서울	84	15	2
부산	63	15	2
대구	66	15	2
인천	84	15	2
광주	59	15	2
대전	68	15	2
울산	64	15	2
서울	71	15	3
부산	56	15	3
대구	61	15	3
인천	73	15	3
광주	64	15	3
대전	68	15	3
울산	59	15	3
서울	45	15	4
부산	48	15	4
대구	42	15	4
인천	54	15	4
광주	40	15	4
대전	40	15	4
울산	49	15	4
서울	45	15	5
부산	56	15	5
대구	48	15	5
인천	52	15	5
광주	41	15	5
대전	49	15	5
울산	57	15	5
서울	35	15	6
부산	49	15	6
대구	47	15	6
인천	42	15	6
광주	41	15	6
대전	40	15	6
울산	50	15	6
서울	30	15	7
부산	37	15	7
대구	34	15	7
인천	34	15	7
광주	31	15	7
대전	31	15	7
울산	38	15	7
서울	34	15	8
부산	39	15	8
대구	37	15	8
인천	42	15	8
광주	29	15	8
대전	32	15	8
울산	38	15	8
서울	28	15	9
부산	29	15	9
대구	30	15	9
인천	38	15	9
광주	25	15	9
대전	27	15	9
울산	28	15	9
서울	44	15	10
부산	43	15	10
대구	43	15	10
인천	53	15	10
광주	49	15	10
대전	50	15	10
울산	43	15	10
서울	33	15	11
부산	33	15	11
대구	34	15	11
인천	41	15	11
광주	35	15	11
대전	37	15	11
울산	31	15	11
서울	48	15	12
부산	41	15	12
대구	51	15	12
인천	54	15	12
광주	42	15	12
대전	49	15	12
울산	39	15	12
서울	50	16	1
부산	45	16	1
대구	49	16	1
인천	49	16	1
광주	39	16	1
대전	48	16	1
울산	43	16	1
서울	45	16	2
부산	46	16	2
대구	45	16	2
인천	46	16	2
광주	44	16	2
대전	46	16	2
울산	42	16	2
서울	64	16	3
부산	52	16	3
대구	52	16	3
인천	65	16	3
광주	52	16	3
대전	59	16	3
울산	50	16	3
서울	71	16	4
부산	60	16	4
대구	60	16	4
인천	72	16	4
광주	64	16	4
대전	64	16	4
울산	61	16	4
서울	56	16	5
부산	53	16	5
대구	48	16	5
인천	58	16	5
광주	49	16	5
대전	49	16	5
울산	57	16	5
서울	46	16	6
부산	39	16	6
대구	39	16	6
인천	48	16	6
광주	35	16	6
대전	38	16	6
울산	41	16	6
서울	33	16	7
부산	29	16	7
대구	29	16	7
인천	35	16	7
광주	23	16	7
대전	27	16	7
울산	32	16	7
서울	34	16	8
부산	36	16	8
대구	28	16	8
인천	37	16	8
광주	28	16	8
대전	29	16	8
울산	32	16	8
서울	37	16	9
부산	36	16	9
대구	33	16	9
인천	41	16	9
광주	31	16	9
대전	32	16	9
울산	35	16	9
서울	38	16	10
부산	37	16	10
대구	35	16	10
인천	42	16	10
광주	32	16	10
대전	36	16	10
울산	37	16	10
서울	52	16	11
부산	49	16	11
대구	52	16	11
인천	55	16	11
광주	44	16	11
대전	51	16	11
울산	48	16	11
서울	48	16	12
부산	44	16	12
대구	47	16	12
인천	47	16	12
광주	40	16	12
대전	47	16	12
울산	40	16	12
서울	53	17	1
부산	45	17	1
대구	49	17	1
인천	52	17	1
광주	47	17	1
대전	51	17	1
울산	42	17	1
서울	46	17	2
부산	42	17	2
대구	41	17	2
인천	47	17	2
광주	35	17	2
대전	46	17	2
울산	39	17	2
서울	60	17	3
부산	52	17	3
대구	48	17	3
인천	62	17	3
광주	49	17	3
대전	54	17	3
울산	51	17	3
서울	56	17	4
부산	54	17	4
대구	50	17	4
인천	58	17	4
광주	54	17	4
대전	58	17	4
울산	55	17	4
서울	63	17	5
부산	58	17	5
대구	53	17	5
인천	63	17	5
광주	56	17	5
대전	63	17	5
울산	64	17	5
서울	41	17	6
부산	42	17	6
대구	38	17	6
인천	42	17	6
광주	35	17	6
대전	43	17	6
울산	44	17	6
서울	33	17	7
부산	37	17	7
대구	34	17	7
인천	37	17	7
광주	24	17	7
대전	32	17	7
울산	41	17	7
서울	21	17	8
부산	28	17	8
대구	24	17	8
인천	27	17	8
광주	24	17	8
대전	24	17	8
울산	27	17	8
서울	32	17	9
부산	39	17	9
대구	36	17	9
인천	38	17	9
광주	34	17	9
대전	37	17	9
울산	36	17	9
서울	29	17	10
부산	32	17	10
대구	32	17	10
인천	33	17	10
광주	33	17	10
대전	36	17	10
울산	29	17	10
서울	42	17	11
부산	50	17	11
대구	52	17	11
인천	41	17	11
광주	50	17	11
대전	51	17	11
울산	46	17	11
서울	50	17	12
부산	46	17	12
대구	46	17	12
인천	45	17	12
광주	44	17	12
대전	49	17	12
울산	38	17	12
서울	52	18	1
부산	45	18	1
대구	47	18	1
인천	48	18	1
광주	45	18	1
대전	56	18	1
울산	40	18	1
서울	53	18	2
부산	52	18	2
대구	48	18	2
인천	49	18	2
광주	50	18	2
대전	56	18	2
울산	47	18	2
서울	52	18	3
부산	44	18	3
대구	43	18	3
인천	49	18	3
광주	48	18	3
대전	52	18	3
울산	40	18	3
서울	52	18	4
부산	63	18	4
대구	56	18	4
인천	46	18	4
광주	56	18	4
대전	60	18	4
울산	64	18	4
서울	42	18	5
부산	44	18	5
대구	40	18	5
인천	40	18	5
광주	40	18	5
대전	47	18	5
울산	45	18	5
서울	37	18	6
부산	41	18	6
대구	36	18	6
인천	34	18	6
광주	41	18	6
대전	38	18	6
울산	42	18	6
서울	24	18	7
부산	37	18	7
대구	27	18	7
인천	26	18	7
광주	26	18	7
대전	26	18	7
울산	39	18	7
서울	22	18	8
부산	28	18	8
대구	22	18	8
인천	25	18	8
광주	24	18	8
대전	22	18	8
울산	25	18	8
서울	20	18	9
부산	26	18	9
대구	24	18	9
인천	24	18	9
광주	25	18	9
대전	22	18	9
울산	26	18	9
서울	28	18	10
부산	32	18	10
대구	32	18	10
인천	33	18	10
광주	34	18	10
대전	31	18	10
울산	31	18	10
서울	52	18	11
부산	47	18	11
대구	57	18	11
인천	55	18	11
광주	59	18	11
대전	63	18	11
울산	47	18	11
서울	43	18	12
부산	40	18	12
대구	47	18	12
인천	45	18	12
광주	43	18	12
대전	51	18	12
울산	35	18	12
